#wire	x1	y1	z1	x2	y2	z2	on/off
0	-95	-87	88	95	-87	88	off
1	-95	-75	88	95	-75	88	off
2	-95	-63	88	95	-63	88	off
3	-95	-51	88	95	-51	88	off
4	-95	-39	88	95	-39	88	off
5	-95	-27	88	95	-27	88	off
6	-95	-15	88	95	-15	88	off
7	-95	-3	88	95	-3	88	off
8	-95	9	88	95	9	88	off
9	-95	21	88	95	21	88	off
10	-95	33	88	95	33	88	off
11	-95	45	88	95	45	88	off
12	-95	57	88	95	57	88	off
13	-95	69	88	95	69	88	off
14	-95	81	88	95	81	88	off
15	-95	93	88	95	93	88	off
16	-95	-218.25	72	95	-28.25	72	off
17	-95	-201.25	72	95	-11.25	72	off
18	-95	-184.25	72	95	5.75	72	off
19	-95	-167.25	72	95	22.75	72	off
20	-95	-150.25	72	95	39.75	72	off
21	-95	-133.25	72	95	56.75	72	off
22	-95	-116.25	72	95	73.75	72	off
23	-95	-99.25	72	95	90.75	72	off
24	-95	-82.25	72	95	107.75	72	off
25	-95	-65.25	72	95	124.75	72	off
26	-95	-48.25	72	95	141.75	72	off
27	-95	-31.25	72	95	158.75	72	off
28	-95	-14.25	72	95	175.75	72	off
29	-95	2.75	72	95	192.75	72	off
30	-95	19.75	72	95	209.75	72	off
31	-95	36.75	72	95	226.75	72	off
32	-95	-28.25	56	95	-218.25	56	off
33	-95	-11.25	56	95	-201.25	56	off
34	-95	5.75	56	95	-184.25	56	off
35	-95	22.75	56	95	-167.25	56	off
36	-95	39.75	56	95	-150.25	56	off
37	-95	56.75	56	95	-133.25	56	off
38	-95	73.75	56	95	-116.25	56	off
39	-95	90.75	56	95	-99.25	56	off
40	-95	107.75	56	95	-82.25	56	off
41	-95	124.75	56	95	-65.25	56	off
42	-95	141.75	56	95	-48.25	56	off
43	-95	158.75	56	95	-31.25	56	off
44	-95	175.75	56	95	-14.25	56	off
45	-95	192.75	56	95	2.75	56	off
46	-95	209.75	56	95	19.75	56	off
47	-95	226.75	56	95	36.75	56	off
48	-95	-93	40	95	-93	40	off
49	-95	-81	40	95	-81	40	off
50	-95	-69	40	95	-69	40	off
51	-95	-57	40	95	-57	40	off
52	-95	-45	40	95	-45	40	off
53	-95	-33	40	95	-33	40	off
54	-95	-21	40	95	-21	40	off
55	-95	-9	40	95	-9	40	off
56	-95	3	40	95	3	40	off
57	-95	15	40	95	15	40	off
58	-95	27	40	95	27	40	off
59	-95	39	40	95	39	40	off
60	-95	51	40	95	51	40	off
61	-95	63	40	95	63	40	off
62	-95	75	40	95	75	40	off
63	-95	87	40	95	87	40	off
64	-95	-226.75	24	95	-36.75	24	off
65	-95	-209.75	24	95	-19.75	24	off
66	-95	-192.75	24	95	-2.75	24	off
67	-95	-175.75	24	95	14.25	24	off
68	-95	-158.75	24	95	31.25	24	off
69	-95	-141.75	24	95	48.25	24	off
70	-95	-124.75	24	95	65.25	24	off
71	-95	-107.75	24	95	82.25	24	off
72	-95	-90.75	24	95	99.25	24	off
73	-95	-73.75	24	95	116.25	24	off
74	-95	-56.75	24	95	133.25	24	off
75	-95	-39.75	24	95	150.25	24	off
76	-95	-22.75	24	95	167.25	24	off
77	-95	-5.75	24	95	184.25	24	off
78	-95	11.25	24	95	201.25	24	off
79	-95	28.25	24	95	218.25	24	off
80	-95	-36.75	8	95	-226.75	8	off
81	-95	-19.75	8	95	-209.75	8	off
82	-95	-2.75	8	95	-192.75	8	off
83	-95	14.25	8	95	-175.75	8	off
84	-95	31.25	8	95	-158.75	8	off
85	-95	48.25	8	95	-141.75	8	off
86	-95	65.25	8	95	-124.75	8	off
87	-95	82.25	8	95	-107.75	8	off
88	-95	99.25	8	95	-90.75	8	off
89	-95	116.25	8	95	-73.75	8	off
90	-95	133.25	8	95	-56.75	8	off
91	-95	150.25	8	95	-39.75	8	off
92	-95	167.25	8	95	-22.75	8	off
93	-95	184.25	8	95	-5.75	8	off
94	-95	201.25	8	95	11.25	8	off
95	-95	218.25	8	95	28.25	8	off
96	-95	-93	-8	95	-93	-8	on
97	-95	-81	-8	95	-81	-8	on
98	-95	-69	-8	95	-69	-8	on
99	-95	-57	-8	95	-57	-8	on
100	-95	-45	-8	95	-45	-8	on
101	-95	-33	-8	95	-33	-8	on
102	-95	-21	-8	95	-21	-8	on
103	-95	-9	-8	95	-9	-8	on
104	-95	3	-8	95	3	-8	on
105	-95	15	-8	95	15	-8	on
106	-95	27	-8	95	27	-8	on
107	-95	39	-8	95	39	-8	on
108	-95	51	-8	95	51	-8	on
109	-95	63	-8	95	63	-8	on
110	-95	75	-8	95	75	-8	on
111	-95	87	-8	95	87	-8	on
112	-95	-226.75	-24	95	-36.75	-24	on
113	-95	-209.75	-24	95	-19.75	-24	on
114	-95	-192.75	-24	95	-2.75	-24	on
115	-95	-175.75	-24	95	14.25	-24	on
116	-95	-158.75	-24	95	31.25	-24	on
117	-95	-141.75	-24	95	48.25	-24	on
118	-95	-124.75	-24	95	65.25	-24	on
119	-95	-107.75	-24	95	82.25	-24	on
120	-95	-90.75	-24	95	99.25	-24	on
121	-95	-73.75	-24	95	116.25	-24	on
122	-95	-56.75	-24	95	133.25	-24	on
123	-95	-39.75	-24	95	150.25	-24	on
124	-95	-22.75	-24	95	167.25	-24	on
125	-95	-5.75	-24	95	184.25	-24	on
126	-95	11.25	-24	95	201.25	-24	on
127	-95	28.25	-24	95	218.25	-24	on
128	-95	-36.75	-40	95	-226.75	-40	on
129	-95	-19.75	-40	95	-209.75	-40	on
130	-95	-2.75	-40	95	-192.75	-40	on
131	-95	14.25	-40	95	-175.75	-40	on
132	-95	31.25	-40	95	-158.75	-40	on
133	-95	48.25	-40	95	-141.75	-40	on
134	-95	65.25	-40	95	-124.75	-40	on
135	-95	82.25	-40	95	-107.75	-40	on
136	-95	99.25	-40	95	-90.75	-40	on
137	-95	116.25	-40	95	-73.75	-40	on
138	-95	133.25	-40	95	-56.75	-40	on
139	-95	150.25	-40	95	-39.75	-40	on
140	-95	167.25	-40	95	-22.75	-40	on
141	-95	184.25	-40	95	-5.75	-40	on
142	-95	201.25	-40	95	11.25	-40	on
143	-95	218.25	-40	95	28.25	-40	on
144	-95	-87	-56	95	-87	-56	on
145	-95	-75	-56	95	-75	-56	on
146	-95	-63	-56	95	-63	-56	on
147	-95	-51	-56	95	-51	-56	on
148	-95	-39	-56	95	-39	-56	on
149	-95	-27	-56	95	-27	-56	on
150	-95	-15	-56	95	-15	-56	on
151	-95	-3	-56	95	-3	-56	on
152	-95	9	-56	95	9	-56	on
153	-95	21	-56	95	21	-56	on
154	-95	33	-56	95	33	-56	on
155	-95	45	-56	95	45	-56	on
156	-95	57	-56	95	57	-56	on
157	-95	69	-56	95	69	-56	on
158	-95	81	-56	95	81	-56	on
159	-95	93	-56	95	93	-56	on
160	-95	-218.25	-72	95	-28.25	-72	on
161	-95	-201.25	-72	95	-11.25	-72	on
162	-95	-184.25	-72	95	5.75	-72	on
163	-95	-167.25	-72	95	22.75	-72	on
164	-95	-150.25	-72	95	39.75	-72	on
165	-95	-133.25	-72	95	56.75	-72	on
166	-95	-116.25	-72	95	73.75	-72	on
167	-95	-99.25	-72	95	90.75	-72	on
168	-95	-82.25	-72	95	107.75	-72	on
169	-95	-65.25	-72	95	124.75	-72	on
170	-95	-48.25	-72	95	141.75	-72	on
171	-95	-31.25	-72	95	158.75	-72	on
172	-95	-14.25	-72	95	175.75	-72	on
173	-95	2.75	-72	95	192.75	-72	on
174	-95	19.75	-72	95	209.75	-72	on
175	-95	36.75	-72	95	226.75	-72	on
176	-95	-28.25	-88	95	-218.25	-88	on
177	-95	-11.25	-88	95	-201.25	-88	on
178	-95	5.75	-88	95	-184.25	-88	on
179	-95	22.75	-88	95	-167.25	-88	on
180	-95	39.75	-88	95	-150.25	-88	on
181	-95	56.75	-88	95	-133.25	-88	on
182	-95	73.75	-88	95	-116.25	-88	on
183	-95	90.75	-88	95	-99.25	-88	on
184	-95	107.75	-88	95	-82.25	-88	on
185	-95	124.75	-88	95	-65.25	-88	on
186	-95	141.75	-88	95	-48.25	-88	on
187	-95	158.75	-88	95	-31.25	-88	on
188	-95	175.75	-88	95	-14.25	-88	on
189	-95	192.75	-88	95	2.75	-88	on
190	-95	209.75	-88	95	19.75	-88	on
191	-95	226.75	-88	95	36.75	-88	on
